067d6428-d42e-47fa-b427-1213737105ae     -485 581    96
067d6428-d42e-47fa-b427-1213737105ae    7 493 941   113
067d6428-d42e-47fa-b427-1213737105ae   -7 329 301    88
196fcfbd-d42d-4094-82f5-6ab8214a4ed2   -8 251 073   104
2d12e2e9-60ee-4e1a-8b00-2bc9bf18785f   -1 140 394    97
2d12e2e9-60ee-4e1a-8b00-2bc9bf18785f    1 018 477    83
50358b49-1615-4a47-a90e-4b40d83fcb55    3 112 314   107
5426bfd8-08f8-4631-9017-701732b8a0ed    1 846 993   109
5426bfd8-08f8-4631-9017-701732b8a0ed    1 599 536    95
5426bfd8-08f8-4631-9017-701732b8a0ed    3 964 135   110
5974edae-2eae-47a2-921e-ced9d610b5a7   -3 204 218   117
9486c3d9-c6bc-48e6-9494-78e897215372      256 805   108
a2d2a663-c94b-430a-8ca8-d1442051a510   -1 478 206    98
a46b603e-5bdc-4617-a896-11b2ce319f73     -518 882    92
a46b603e-5bdc-4617-a896-11b2ce319f73   -7 769 447    89
b54eb810-198e-401f-9f6b-98016cd3d1cc   -4 339 607   110
d252d01a-6083-4c3d-914c-8e0bf292ede4    4 111 358   103
d252d01a-6083-4c3d-914c-8e0bf292ede4    6 271 359    89
d252d01a-6083-4c3d-914c-8e0bf292ede4    6 447 882   102
ed86f05e-c45c-48be-9e1c-29740cba94de   -1 606 091    90